Compound Id	Training set
704	4.5882
1165	2.5533
1604	3.7331
1872	1.7892
1873	4.7276
1874	3.2007
1875	3.0223
1876	2.6536
1877	5.2712
1878	3.2135
1879	2.6516
1880	2.7595
1881	3.7891
1882	4.1217
1883	1.9772
1884	3.7135
1885	1.7494
1886	3.4976
1887	5.2591
1888	2.2117
1889	1.3592
1890	1.1926
1891	4.4288
1892	2.8322
1893	2.9402
1894	3.5352
1895	6.311
1896	6.1427
1897	5.5018
1898	4.4772
1899	3.4564
1900	2.8783
1901	3.9552
1902	2.2284
1903	4.8793
1904	4.4634
1905	3.2261
1906	4.214
1907	1.5357
1908	2.4932
1909	5.0908
1910	4.0967
1911	2.9138
1912	3.9155
1913	2.214
1914	3.9607
1915	3.7135
1916	1.2907
1917	1.24
1918	-0.0942
1919	1.3455
1920	2.1337
1921	3.1703
1922	4.3075
1923	5.2498
1924	4.1184