Compound Id	Training set
219	0.6989
220	0.6775
221	0.6698
222	1.6767
223	0.4724
224	0.6102
225	0.3347
226	1.6178
227	0.7148
228	0.2988
229	0.6635
230	1.0412
231	1.2512
232	1.4999
233	-0.1589
234	2.3649
235	0.6502
236	0.565
237	1.0162
238	1.8048
239	-0.0682
240	0.4805
241	0.8656
242	0.6775
243	0.4724
244	-0.6901
245	-0.0057
246	0.2919
247	-0.321
248	-0.1374
249	-1.1181
250	-0.8491
251	-0.5589
252	-0.4169
253	-0.1808
254	-0.1939
255	0.2988
256	0.4648
257	-0.6719
258	-2.7284
259	-2.1115
260	-1.6242
261	-0.8437
262	-0.3092
263	-1.666
264	-0.9926
265	-1.8328
266	0.3347
267	-1.7228
268	-2.1207
269	-0.5039
270	-0.7758
271	-1.013
272	-1.0541
273	-0.2941
274	-1.1636
275	-1.6455
276	-1.8492
277	0.0187
278	-0.2811
279	-1.5141
280	-2.052
281	-2.7559
282	-2.1649
283	-0.2508
284	-0.836
285	-1.4186
286	-1.6815
287	-1.287
288	-2.2082
289	-2.2658
290	-1.3585
291	-2.3052
292	-2.2443
293	-1.3802
294	-1.9888
295	-1.7683
296	-2.6003
297	-1.9834
298	-1.742
299	-2.0271
300	-1.4867
301	-2.0723
302	-3.0856
303	-1.9913
304	-2.3321
305	-2.692
306	-0.7758
307	-2.2822
308	-1.6852
309	-2.7415
310	-2.4989
311	-2.8558
312	-2.4751
313	-4.3695
314	-2.5727
315	-1.8564
316	-1.0461
317	-1.8004
318	-1.9117
319	-2.8887
320	-2.8604
321	-2.6159
322	-3.0737
323	-3.7909
324	-2.7423
325	-1.2428
326	-4.3166
327	-3.3915
328	-3.7471
329	-1.5082
330	-3.0139
331	-2.6519
332	-2.5471
333	-3.8405
334	-2.6352
335	-2.9502
336	-2.5243
337	-4.1584
338	-2.8265
339	-3.0193
340	-3.973
341	-3.9338
342	-3.8804
343	-0.5759
344	-2.8705
345	-3.9226
346	-3.8493
347	-4.3952