Compound Id	Training set
1	-0.5551
2	0.0304
4	2.0121
5	3.3248
6	4.2318
7	3.353
8	2.1805
9	3.2044
12	3.4068
14	3.8211
16	2.8806
17	3.1228
20	4.1049
21	3.7246
22	2.9756
23	3.7797
24	4.0708
25	2.2574
26	4.0328
27	4.0318
28	3.5675
29	4.0046
31	2.6048
98	2.2052
99	0.731
100	-1.7297
101	0.731
102	0.0304
103	0.812
104	-1.4181
105	-1.1406
106	1.0953
107	1.101
108	2.5822
109	2.8485
110	-1.1443
111	1.0953
112	1.2917
113	1.2917
114	2.2129
115	1.1666
116	1.4511
117	2.9584
118	0.7144
119	3.3742
120	2.9317
121	-0.9917
122	5.187
123	2.8222
124	3.9726
125	2.0628
126	2.9721
127	2.587
128	3.8494
129	2.7453
130	-0.1802
131	3.353
132	3.4631
133	4.0104
134	3.353
135	-0.0513
136	1.5385
137	2.7815
138	2.6054