Compound Id	Training set
469	-1.2245
541	-0.1293
709	-0.3454
711	-0.8154
757	0.3406
1250	-0.539
1547	4.1781
1548	2.7811
1549	3.9731
1550	3.0829
1551	3.0829
1552	1.9904
1553	2.8779
1554	1.2817
1555	1.4151
1556	2.8779
1557	2.8779
1558	2.8779
1559	2.8779
1560	-0.3144
1561	1.2101
1562	1.2817
1563	-0.3144
1564	1.0981
1565	-0.4987
1566	-0.4987
1567	-0.7546
1568	-0.089
1569	-0.0691
1570	0.5965
1571	0.1868
1572	0.5562
1573	-0.1562
1574	0.3717
1575	0.3717
1576	0.7808
1577	0.028
1578	0.1555
1579	3.1234
1580	2.8779
1581	4.3831
1582	-0.9691
1583	-0.8885
1584	-0.1153
1585	-0.2024
1586	-0.2427
1587	0.872
1588	2.8779