Compound Id	Training set
348	-0.7417
353	-1.4944
354	-1.5787
355	-0.7376
360	-1.5686
362	-0.7139
366	-1.5833
373	-1.5814
386	3.3212
387	1.8248
388	2.0354
389	-2.0011
390	1.8449
391	0.1242
392	1.5429
393	3.7421
394	2.7672
395	-1.0894
396	-2.4536
397	2.4295
398	-1.5195
399	-1.646
400	-1.5067
401	-1.0172
402	-1.9752
403	-1.8572
404	-1.9314
405	-1.4788
406	-1.9115
407	-2.0264
408	-1.687
409	1.4336
410	2.6712
411	-1.7773
412	-1.9992
413	-2.006
414	-2.0037
415	0.0655
416	2.2804
417	3.0492
418	1.5447
419	0.5676
420	-2.054
421	-1.6128
422	1.0098
423	1.9685
424	-2.0745
425	-0.8166
426	2.2581
427	-2.0176
428	1.0238
429	-1.7204
430	1.4469
431	-1.8281
432	-1.1254
433	1.8553
434	-1.4959
435	1.0505
436	-0.1695
437	-0.4811
438	0.8144
439	-1.5243
440	0.1503
441	-0.9719
442	-1.2591
443	-1.5263
444	-1.4147
445	0.58
446	0.558
447	0.6172
448	-1.0671
449	0.7685
450	-1.6324
451	0.0048
452	0.1034
453	0.7231
454	0.1096
455	-1.5451
456	1.4893
457	-0.4912
458	-1.5219
459	0.1316
460	0.1536
461	2.3075
462	0.1629
463	-0.4935
464	1.4455
465	-1.7538
466	0.1316
467	-1.2344
468	-0.9606
469	-0.9554
470	-1.2544
471	0.1096
472	0.2285
473	-1.4876
474	-0.5122
475	0.0212
476	0.1316
477	-1.4519
478	-1.5418
479	0.1096
480	1.4751
481	-0.4226
482	-0.2639
483	-1.5094
484	1.0216
485	-0.2522
486	-0.1333
487	-1.8625
488	-2.2729
489	0.0657
490	-1.7332
491	-1.9776
492	-1.4517
493	-1.7428
494	0.1096
495	0.4626
496	0.1316
497	1.891
498	0.9808
499	-0.4119
500	0.0876
501	0.1468
502	1.0682
503	-2.0606
504	-2.065
505	-1.7504
506	-1.5239
507	0.1468
508	-0.4798
509	-0.3608
510	-2.0539
511	-1.5072
512	-1.0823
513	-0.6474
514	0.2306
515	-1.7305
516	-0.4578
517	0.2447
518	-0.4339
519	-0.315
520	0.1248
521	-1.9961
522	-2.6562
523	-1.0903
524	0.5066
525	-0.4137
526	-0.2948
527	-1.9716
528	0.6372
529	-0.3256
530	-1.294
531	-1.0456
532	-1.4462
533	3.14
534	-1.4901
535	-0.6563
536	-0.7819
537	1.0505
538	-1.8188
539	1.8829
540	-0.2148
541	-0.5139
542	-0.1229
543	-0.107
544	0.0669
545	-0.125
546	-1.6462
547	-1.659
548	-0.9419
549	-0.3697
550	-1.3085
551	0.6752
552	1.3324
553	0.1765
554	-1.087
555	0.8889
556	-2.7805
557	-0.337
558	-1.9749
559	1.8248
560	1.3324
561	1.8248
562	1.5429
563	-0.4559
564	-0.3898
565	0.0941
566	3.1142
567	2.7672
568	-0.1405
569	-0.0397
570	0.523
571	-1.5164
572	0.1555
573	0.1316
574	-0.802
575	1.4796
576	0.4331
577	0.6021
578	1.5445
579	-1.7351
580	-1.4571
581	-0.2419
582	-1.5045
583	2.7153
584	-1.5361
585	-1.8479
586	-0.196
587	-1.57
588	2.304
589	2.293
590	-0.2674
591	-1.4617
592	0.6021
593	-1.2667
594	-0.0378
595	-1.0831
596	2.3802
597	0.0678
598	-0.2182
599	5.3917
600	1.7323
601	0.1379
602	0.5457
603	0.6051
604	3.8787
605	3.0271
606	1.637
607	1.0934
608	-0.3171
609	3.6494
610	-1.2015
611	2.5475
612	3.3624
613	2.1385
614	3.7304
615	4.1562
616	2.3311
617	-0.4162
618	1.5778
619	3.486
620	1.5736
621	3.9396
622	1.1868
623	1.9155
624	2.7178
625	2.4222
626	-0.19
627	4.9782