Compound Id	Training set
1	185.7913
4	186.517
5	68.1754
6	155.7115
7	134.7686
8	92.8356
9	92.3718
10	76.781
12	99.0141
13	131.8636
14	127.7729
16	68.2788
17	118.9923
18	250.5287
20	91.6066
21	2.883
22	94.0069
23	101.6354
24	117.8855
25	95.4701
26	107.605
27	104.7912
29	114.0413
31	210.499
98	41.1066
99	168.1934
104	232.3649
105	183.3436
107	174.3592
108	178.7825
109	41.1066
113	76.781
115	41.1066
117	76.781
123	49.347
124	213.951
125	142.896
126	92.3856
128	120.1646
129	127.4035
131	134.7686
132	131.8636
133	104.215
134	134.7686
136	45.4747
137	76.781
139	186.8647
140	104.215
141	95.9746
142	213.951
143	213.951
144	191.4639
145	68.5406
146	81.3983
147	144.4795
148	226.0899