Compound Id	Training set
1	3.1345
2	3.514
3	3.1496
4	3.3202
5	4.354
6	5.1322
7	4.2491
8	4.2402
9	4.5146
10	4.5167
11	4.3484
12	4.3336
13	4.4661
14	4.5437
15	5.2738
16	4.2762
17	4.3164
18	3.5393
19	5.0448
20	4.4764
21	4.7956
22	5.0387
23	4.475
24	5.498
25	4.1184
26	4.5355
27	4.6454
28	4.8956
29	4.5948
30	4.9185
31	3.5763
32	3.4369
33	4.1256
34	4.3224
35	2.9168
36	3.4026
37	3.4008
38	3.9602
39	3.6497
40	4.1218
41	4.1392
42	4.3889
43	4.3624
44	4.3623
45	4.8346
46	3.1465
47	3.4399
48	3.8582
49	3.6325
50	3.4772
51	3.8347
52	3.5343
53	3.8858
54	3.8522
55	4.1929
56	3.9148
57	4.4185
58	3.7385
59	4.1737
60	3.6094
61	3.5956
62	3.2624
63	4.5896
64	5.0085
65	4.467
66	4.8579
67	3.6201
68	4.4413
69	3.7592
70	3.4834
71	5.5811
72	2.8163
73	3.8713
74	5.8792
75	5.9186
76	4.2213
77	3.663
78	4.6871
79	3.5636
80	3.5401
81	3.5782
82	4.5769
83	2.7483
84	4.644
85	3.123
86	3.2474
87	3.697
88	3.8974
89	5.9708
90	3.5156
91	4.2128
92	3.4978
93	3.5004
94	3.5617
95	3.9519
96	3.9215
97	5.0245