Compound Id	Training set
1	0.9187
4	3.0594
5	2.947
9	3.561
51	2.5794
54	1.8424
56	2.5617
57	2.284
59	2.926
60	2.0167
66	3.8479
67	2.2998
70	2.1057
72	2.0641
98	2.2903
99	1.9982
123	3.0725
129	3.0659
149	2.5702
151	3.242
153	2.3212
170	2.2106
219	4.2432
288	3.7224
328	1.8682
340	4.116
347	2.0496
348	1.9792
355	1.6713
362	2.6394
370	1.5
386	5.175
387	5.4646
388	5.911
389	1.4894
390	2.1758
391	3.2222
392	4.9805
394	3.5372
397	3.7619
398	1.8699
399	1.2918
401	2.648
402	0.9078
404	0.6469
405	1.4969
406	0.8298
409	1.9053
410	2.8925
412	1.0348
413	1.1829
414	1.3422
415	2.2251
416	5.0605
417	4.8771
422	1.6309
423	2.1101
425	1.1611
428	1.9925
430	1.963
433	2.3494
435	4.0659
436	3.2895
437	2.9411
438	3.7159
440	2.5081
442	2.022
443	1.3135
444	2.1132
445	3.3724
446	3.1397
447	2.6759
449	3.5905
450	3.1075
451	2.3265
453	3.0283
454	2.6819
455	2.0195
456	2.7304
459	2.906
460	3.1387
461	3.2357
462	2.5305
467	1.7913
468	1.9372
470	2.0278
471	2.6183
472	2.4216
473	1.8009
474	2.3085
475	3.258
476	2.7945
477	1.6864
479	2.6819
480	2.7304
481	2.1281
483	0.8477
484	1.8184
494	2.6734
495	2.1255
496	2.9091
497	2.9815
498	2.6803
500	2.4492
502	2.4705
506	1.8331
510	1.3886
521	1.5081
524	1.7509
527	1.8512
530	2.4775
532	1.9708
533	3.8332
536	2.6413
537	4.0543
538	1.9223
539	2.9758
540	2.2945
542	2.5917
543	2.1721
544	2.1139
545	3.2848
548	1.0847
552	4.5457
553	3.4306
554	2.7329
555	3.0434
558	1.2192
559	5.4762
560	4.5443
561	5.4603
562	4.9921
565	2.8722
566	4.2501
568	2.2488
569	2.5684
570	3.4868
572	2.6916
573	2.9146
575	2.7159
577	3.5965
578	2.8278
583	3.5013
588	3.2559
589	3.2414
591	1.9305
592	3.5487
593	2.5981
594	3.3864
597	2.3305
598	2.2581
600	3.8359
601	2.5263
602	2.7775
603	3.0465
608	2.4588
609	4.7087
610	2.1394
617	3.7063
626	2.9627
628	0.7436
629	2.0371
630	1.3392
631	3.5807
632	5.5294
633	0.3376
634	0.8401
635	5.4648
636	2.744
637	2.9099
638	3.4655
639	1.9879
640	1.7263
641	1.7457
642	0.9899
643	1.1276
644	1.6314
645	1.4125
646	2.0703
647	3.7619
648	4.9065
649	1.599
650	0.9272
651	2.5151
652	1.8133
653	1.645
654	1.2598
655	1.6286
656	4.1968
657	3.2269
658	3.1548
659	1.6869
660	2.0683
661	3.3603
662	2.6381
663	3.131
664	3.4429
665	2.5563
666	2.7171
667	3.3287
668	3.585
669	5.026
670	2.4231
671	1.352
672	2.67
673	3.4574
674	2.5337
675	2.5411
676	2.996
677	2.98
678	3.0064
679	2.633
680	3.3061
681	2.8299
682	2.6361
683	3.3638
684	2.9125
685	3.7737
686	3.6115
687	4.9849
688	3.2838
689	3.096
690	2.6459
691	1.6369
692	2.7233
693	2.5832
694	1.7777
695	2.7945
696	1.9966
697	2.757
698	2.2942
699	2.7032
700	2.0467
701	2.3788
702	2.317
703	2.6655
704	1.8004
705	1.9368
706	1.8158
707	2.3061
708	1.9794
709	2.4198
710	2.4312
711	2.1785
712	2.0265
713	1.7158
714	1.5874
715	1.8206
716	1.5338
717	2.2635
718	3.2044
719	2.1389
720	1.7409
721	4.4472
722	3.2129
723	1.9672
724	1.7007
725	3.4355
726	3.6423
727	3.0987
728	1.7282
729	1.7144
730	2.1858
731	2.9737
732	1.6672
733	1.8379
734	2.3421
735	2.2951
736	2.081
737	2.0967
738	1.2976
739	2.2307
740	2.0392
741	2.0691
742	2.0908
743	1.9253
744	2.2452
745	1.6782
746	2.2027
747	2.559
748	1.6552
749	2.465
750	2.9086
751	4.0693
752	3.1143
753	2.8797
754	4.0769
755	4.0326
756	1.7296
757	2.6184
758	4.6391
759	2.4911
760	1.972
761	3.0708
762	1.9633
763	1.8877
764	3.2171
765	0.378
766	2.3126
767	2.2671
768	4.7375
769	3.9837
770	2.093
771	2.4586
772	1.8467
773	2.5491
774	3.3429
775	1.1474
776	2.0262
777	0.7851
778	3.2029
779	2.6643
780	1.3803
781	2.1357
782	1.9976
783	2.1482
784	1.0438
785	1.7176
786	6.3986
787	5.9582
788	5.4762
789	5.9386
790	5.297
791	5.4589
792	3.3886
793	5.9066
794	4.4484
795	4.6436
796	5.2781
797	3.5393
798	2.9636
799	3.1429
800	2.0621
801	1.8447
802	1.6468
803	1.4927
804	3.5372
805	3.5372
806	1.7213
807	1.7573
808	0.8978
809	1.6137
810	1.9905
811	1.6424
812	2.8586
813	3.7159
814	3.4188
815	3.103
816	1.987
817	1.9571
818	1.9333
819	1.3379
820	1.8949
821	2.3648
822	2.0256
823	2.7058
824	1.3584
825	3.7913
826	2.2826
827	2.4029
828	1.9921
829	1.8569
830	1.9656
831	2.305
832	2.5953
833	1.1808
834	0.4883
835	2.3433
836	2.5529
837	1.718
838	1.718
839	1.8179
840	3.6676
841	1.6402
842	2.2602
843	2.0571
844	1.7084
845	1.7383
846	2.18
847	2.8552
848	2.3714
849	2.3355
850	2.2787
851	2.6155
852	2.8663
853	1.7307
854	1.8627
855	1.231
856	1.3051
857	2.1405
858	1.2493
859	2.4315
860	2.3376
861	3.143
862	2.5414
863	3.4508
864	1.2782
865	4.29
866	3.4374
867	4.1053
868	3.2222
869	2.5878
870	3.6067
871	2.9024
872	2.819
873	2.2047
874	1.7573
875	2.5185
876	3.5371
877	3.4498
878	1.7903
879	3.8091
880	3.0962
881	2.8181
882	1.5632
883	3.7137
884	2.0926
885	1.9705
886	2.3989
887	2.2654
888	2.8556
889	3.4901
890	2.2577
891	2.017
892	2.36
893	1.4692
894	1.6179
895	1.4193
896	2.6567
897	3.7443
898	1.7615
899	2.3172
900	1.7805
901	3.8055
902	4.0686
903	2.6507
904	3.3886
905	2.7403
906	2.725
907	2.5084
908	2.7728
909	2.3623
910	2.0679
911	2.0847
912	2.9213
913	1.7933
914	2.1472
915	1.8839
916	1.6637
917	3.3629
918	2.4037
919	2.3284
920	1.9465
921	2.7576
922	4.1187
923	3.8475
924	2.82
925	4.2119
926	2.8219
927	2.2798
928	2.2223
929	1.7934
930	2.1054
931	1.7733
932	5.3179
933	2.7642
934	3.3075
935	3.6252
936	1.9204
937	5.6873
938	2.2361
939	2.0766
940	2.6397
941	2.8011
942	4.522
943	2.8105
944	3.1429
945	2.455
946	3.666
947	2.4945
948	2.4125
949	1.8782
950	2.5319
951	3.6895
952	3.5068
953	1.1827
954	5.4161
955	3.2757
956	2.8448
957	2.0711
958	3.1216
959	2.8182
960	2.5402
961	1.8611
962	2.0445
963	2.9795
964	1.4841
965	3.1335
966	2.6455
967	2.2574
968	1.8399
969	2.4476
970	1.8549
971	3.3326
972	1.4819
973	4.1389
974	0.9178
975	2.563
976	4.3641
977	2.2883
978	3.2556
979	1.9647
980	2.0636
981	1.9868
982	2.8091
983	2.3141
984	0.8978
985	1.8949
986	0.8556
987	2.7098
988	1.1469
989	4.116
990	3.4165
991	1.6532
992	1.7314
993	2.0419
994	1.7005
995	2.1201
996	2.7832
997	2.8523
998	2.8962
999	2.9158
1000	3.4565
1001	2.2159
1002	4.6501
1003	2.7802
1004	1.5874
1005	2.3012
1006	2.2995
1007	2.8429
1008	2.8429
1009	2.8317
1010	3.2279
1011	2.3148
1012	2.2626
1013	2.1372
1014	1.8144
1015	1.3028
1016	4.9081
1017	2.0383
1018	2.991
1019	2.5281
1020	1.5476
1021	3.2803
1022	2.1594
1023	2.6631
1024	3.044
1025	1.6099
1026	1.9864
1027	3.4156
1028	2.7655
1029	2.8586
1030	2.5373
1031	3.4038
1032	3.4469
1033	2.8011
1034	2.2862
1035	2.057
1036	2.849
1037	2.9067
1038	2.6456
1039	0.9678
1040	2.7702
1041	2.5763
1042	3.4951
1043	4.6299
1044	3.42
1045	3.5869
1046	1.9926
1047	2.3495
1048	2.7802
1049	5.1599
1050	2.7655
1051	4.2482
1052	3.6165
1053	4.6299
1054	6.4424
1055	2.1788
1056	2.2825
1057	4.3614
1058	4.3614
1059	4.8897
1060	4.9
1061	5.1801
1062	2.9252
1063	3.3642
1064	3.3103
1065	1.4156
1066	3.7074
1067	4.2525
1068	1.4078
1069	4.0203
1070	4.9752
1071	1.9151
1072	4.4171
1073	4.4786
1074	5.1554
1075	5.4341
1076	3.336
1077	1.0247
1078	2.2936
1079	2.5113
1080	2.4465
1081	3.6946
1082	2.9858
1083	3.5726
1084	2.7973
1085	4.1959
1086	2.1842
1087	1.3556
1088	4.9752
1089	4.2838
1090	5.8057
1091	3.599
1092	4.41
1093	4.0774
1094	5.13
1095	2.3397
1096	3.292
1097	2.2703
1098	4.2815
1099	2.6502
1100	2.7668
1101	1.4683
1102	2.1028
1103	3.1707
1104	3.5572
1105	1.8461
1106	4.0396
1107	4.8033
1108	3.7222
1109	2.571
1110	4.5552