Compound Id	Training set
704	4.7432
1165	3.3292
1278	2.0544
1604	1.993
1872	0.7248
1873	3.7952
1874	1.7682
1876	1.7682
1877	5.6736
1878	3.3292
1879	1.7682
1880	2.8108
1881	1.7682
1882	3.7384
1883	1.1401
1884	3.8534
1885	1.1351
1886	3.3132
1889	0.5893
1890	0.4333
1893	1.9443
1895	6.4407
1896	5.919
1903	4.3169
1913	0.7786
1916	1.2265
1919	1.2283
1920	1.3703
1925	1.7682
1926	3.7384
1927	3.7384
1928	3.8501
1929	1.7682
1930	2.7915
1931	3.8534
1932	2.8263
1933	2.2899
1934	3.8534
1935	0.0804
1936	1.5514
1937	5.6396
1938	3.3292
1939	4.8935
1940	1.2882
1941	2.8263
1942	3.3333
1943	3.7384
1944	2.8116
1945	3.4343
1946	0.7248
1947	3.3124
1948	3.3292