Compound Id	Training set
1	5.2474
4	3.2281
5	1.7712
6	0.2518
7	1.7712
8	2.7913
9	1.778
10	1.464
12	1.3168
13	1.4188
14	1.1762
16	1.2282
17	1.2905
18	2.2453
20	1.1681
21	1.9919
22	0.0365
23	2.0387
24	0.7061
25	2.3838
26	1.3379
27	1.0761
28	1.4045
29	1.3379
31	1.1246
98	1.5884
99	3.7727
100	4.7073
109	0.9978
117	1.7589
122	-0.4367
123	2.3399
126	2.0733
128	1.1762
129	1.4047
131	1.7712
132	1.4188
133	-0.1886
134	1.7712
136	1.9551
137	1.1953
138	1.2278
139	2.1288
144	0.9123
146	0.9121
147	0.512
148	1.2388
173	4.4776
174	3.2247