Compound Id	Training set
1604	2.4374
1882	2.6162
1892	1.9342
1895	1.9342
1896	1.9342
1909	2.8804
1916	1.6534
1919	1.6539
1920	1.5517
1922	2.2684
1928	1.9342
1930	1.9342
1936	1.7354
1937	1.9286
1939	1.9342
1940	1.6646
1943	2.5598
1949	2.7279
1950	2.6363
1951	1.9342
1952	3.1915
1953	1.5752
1954	1.9342
1955	1.9342
1956	2.1656
1957	1.9342
1958	3.1115
1959	1.6769
1960	2.7394
1961	2.3907
1962	1.6831
1963	1.9342
1964	3.2149
1965	4.1277
1966	1.9342
1967	2.7325
1968	1.9342
1969	5.1221
1970	2.7843
1971	2.9126
1972	2.0013
1973	1.63
1974	4.775
1975	4.753
1976	5.0714
1977	4.9935
1978	4.9922
1979	5.0986
1980	5.06
1981	1.1298