Compound Id	Training set
300	5.7886
331	4.664
333	3.9941
339	3.9088
346	3.7082
347	3.4869
348	4.3566
354	3.2404
360	2.0077
362	5.8197
363	3.5337
364	5.3895
365	3.3273
366	2.8675
368	2.8082
369	4.1193
370	4.0415
371	4.607
373	2.2645
374	4.0076
375	3.9965
376	2.7484
377	2.8818
378	3.9753
379	3.8385
381	4.4826
382	3.9315
383	4.2893
384	3.6309
385	4.4917
389	3.0188
395	2.2392
398	3.0422
401	4.2128
402	1.601
406	1.2792
407	1.7989
408	1.9505
409	2.5041
410	3.5401
412	2.2469
413	2.6484
414	3.0498
415	3.2751
421	1.8705
422	2.2842
424	1.9363
426	3.3835
427	2.4259
428	3.0698
429	2.681
430	3.6228
433	3.216
440	4.9502
442	3.7829
446	3.994
454	3.8812
455	3.4902
456	4.1516
457	3.4651
459	4.2183
461	5.2055
464	3.4167
465	3.0735
467	3.4645
468	3.7498
470	3.7259
471	3.7825
472	4.0128
475	4.5907
478	3.8069
479	3.8778
480	4.2326
481	3.5461
484	2.7783
485	1.9239
493	3.1901
494	3.8778
500	3.5612
501	2.8875
502	3.7287
504	2.7424
505	2.7764
506	3.2008
507	2.8875
510	2.2793
512	2.1711
513	2.9525
515	3.7936
516	3.7188
518	3.0488
520	2.6218
521	3.4513
527	4.2542
530	4.2253
536	4.6213
538	3.4188
539	4.6939
540	4.3083
541	4.5523
542	3.2255
543	4.6832
545	3.7343
547	2.7248
548	1.8519
556	1.2088
568	3.9059
570	3.9688
574	4.6357
575	4.2205
579	3.4125
583	5.6745
588	5.1245
593	4.4512
595	2.2509
636	5.4313
646	2.8447
660	2.9996
664	4.8058
677	5.9506
678	5.7118
679	3.923
684	3.7405
700	3.7661
701	4.0074
715	3.5673
717	3.0165
734	3.79
736	3.7047
737	3.3282
745	3.8528
746	5.0572
751	6.4586
752	4.2508
767	3.881
776	4.6557
781	3.3569
783	3.369
802	3.6791
845	3.4936
851	4.4381
860	4.7956
867	6.1775
888	5.7457
920	3.971
925	5.7284
946	4.7579
956	4.988
1003	5.3813
1070	7.6857
1073	7.06
1136	6.973
1138	5.0379
1143	4.1728
1171	4.0359
1182	6.4629
1184	3.7807
1212	3.8729
1214	5.2034
1217	4.3756
1218	3.8451
1236	4.1473
1269	3.6871
1270	4.1059
1278	2.669
1309	4.6649
1589	3.4841
1590	4.3463
1591	2.0591
1592	3.978
1593	3.8195
1594	2.2742
1595	3.6029
1596	3.3796
1597	3.3716
1598	3.4563
1599	4.6428
1600	1.6681
1601	8.0258
1602	3.828
1603	1.2441
1604	2.096
1605	2.9388
1606	3.1736
1607	2.8591
1608	3.1481
1609	2.5882
1610	1.5502
1611	4.7032
1612	5.1375
1613	3.526
1614	4.7436
1615	4.3237
1616	2.8385
1617	3.6799
1618	4.6208
1619	5.2751
1620	4.0791
1621	4.0323
1622	5.2575
1623	3.6439
1624	3.807
1625	4.4377
1626	3.4432
1627	2.8916
1628	2.4927
1629	4.1636
1630	3.2315
1631	3.5625
1632	3.3013
1633	2.097
1634	2.9585
1635	3.3272
1636	2.6554
1637	3.1042
1638	1.9566
1639	4.4769
1640	4.4684
1641	4.0743
1642	3.4362
1643	4.5602
1644	3.1941
1645	2.1852
1646	1.8778
1647	1.8776
1648	2.8121
1649	3.0608
1650	3.7886
1651	2.6407
1652	2.8931
1653	3.8738
1654	3.5955
1655	1.5189
1656	2.4872
1657	3.5711
1658	3.5955
1659	3.0834
1660	2.047
1661	1.6974
1662	1.2535
1663	3.9671
1664	4.1797
1665	4.3985
1666	3.0822
1667	3.8564
1668	3.4837
1669	2.5378
1670	5.2014
1671	3.8852
1672	5.3549
1673	4.2866
1674	2.6111
1675	5.057
1676	5.6818
1677	3.6386
1678	3.4499
1679	3.8237
1680	3.9232
1681	3.6784
1682	4.2417
1683	4.0286
1684	3.9858
1685	3.6062
1686	3.2645
1687	2.7619
1688	5.491
1689	2.5265
1690	3.9728
1691	4.8624
1692	3.9734
1693	1.9084
1694	3.194
1695	4.1054
1696	3.5917
1697	3.6787
1698	4.3463
1699	5.1764
1700	4.0426
1701	3.8976
1702	3.335
1703	4.0682
1704	3.9328
1705	3.573
1706	3.9009
1707	3.937
1708	3.3093
1709	3.6628
1710	3.7276
1711	2.6739
1712	4.6032
1713	3.4696
1714	4.9377
1715	3.5925
1716	3.6319
1717	5.056
1718	2.5329
1719	4.0124
1720	3.8053
1721	3.8053
1722	2.8322
1723	4.4033
1724	4.6393
1725	3.7594
1726	3.5496
1727	2.861
1728	3.8178
1729	6.1459
1730	2.3981
1731	3.3878
1732	4.8259
1733	7.1699
1734	6.1245
1735	3.6589
1736	3.7512
1737	4.043
1738	5.1158
1739	4.8928
1740	1.841
1741	3.4984
1742	3.9969
1743	4.7999
1744	4.1699
1745	4.2826
1746	4.6777
1747	2.4092
1748	3.8156
1749	4.9612
1750	4.5259
1751	2.6852
1752	2.2418
1753	4.4831
1754	4.0883
1755	3.4696
1756	2.2806
1757	3.3459
1758	3.1656
1759	4.4519
1760	4.83
1761	3.8918
1762	4.5693
1763	3.5462
1764	4.5668
1765	2.8942
1766	4.1809
1767	4.276
1768	5.4455
1769	3.5064
1770	2.3099
1771	3.5173
1772	3.5173
1773	2.6693
1774	4.0385
1775	4.4196
1776	3.1631
1777	2.9183
1778	2.7958
1779	4.548
1780	3.5498
1781	3.0531
1782	4.3961
1783	5.1808
1784	4.2523
1785	5.1805
1786	4.2331
1787	4.778
1788	4.3977
1789	5.8163
1790	4.5428
1791	4.6881
1792	3.8771
1793	4.1182
1794	2.6512
1795	4.9438
1796	3.6413
1797	4.4132
1798	4.3327
1799	3.9328
1800	4.4088
1801	3.4253
1802	4.1506
1803	5.5371
1804	3.1553
1805	3.9676
1806	3.5646
1807	4.4263
1808	4.2557
1809	3.4004
1810	5.8925
1811	4.8946
1812	4.5258
1813	4.4727
1814	5.4664
1815	3.4538
1816	3.9183
1817	4.0888
1818	3.3011
1819	3.4641
1820	5.289
1821	4.0629
1822	2.094
1823	4.4695
1824	4.2384
1825	4.3622
1826	2.648
1827	3.9235
1828	2.5932
1829	2.183
1830	3.5775
1831	3.1264
1832	5.7499
1833	4.0508
1834	5.7169
1835	4.3092
1836	3.2199
1837	2.9761
1838	2.309
1839	3.4967
1840	6.0815
1841	2.7675
1842	5.0896
1843	3.4903
1844	3.7051
1845	7.0689
1846	6.2485
1847	4.8056
1848	4.4342
1849	4.6655
1850	3.968
1851	2.9185
1852	3.0432
1853	5.9273
1854	3.0123
1855	2.033
1856	4.2148
1857	3.8411
1858	3.3115
1859	3.7163
1860	4.4518
1861	2.9881
1862	4.6998
1863	3.3732
1864	6.6843
1865	5.0827
1866	5.0414
1867	6.1147
1868	3.758
1869	2.2647
1870	5.492
1871	5.608