Compound Id	Training set
1	2.576
4	4.5693
5	4.9129
7	4.5753
9	5.1702
10	5.134
11	4.7474
12	4.9224
14	4.7865
15	6.0055
16	5.0673
17	4.9545
18	3.6462
23	5.2918
24	5.5287
26	5.2741
27	5.47
28	5.0776
29	5.1382
33	5.1798
54	3.5757
55	3.7123
58	3.2019
62	3.2066
63	4.0321
64	6.1167
65	4.7957
67	3.6773
70	3.4457
71	5.6467
73	4.0361
76	5.9627
77	3.6411
78	4.1707
79	4.7761
80	3.6171
84	5.5683
85	3.152
87	3.2271
88	4.3708
89	4.7669
90	3.7123
92	3.3889
93	3.4287
94	3.094
95	3.7378
96	4.0162
126	5.0198
128	4.9181
133	5.7793
136	4.7245
144	4.4946
146	5.1143
148	4.0746
149	4.6254
150	2.4547
151	5.3411
152	3.8679
153	3.523
154	4.7868
155	3.8635
156	4.9235
157	5.6459
158	4.0118
159	3.8418
160	3.6684
161	3.1557
162	4.398
163	5.2275
164	4.3679
165	6.3372
166	6.0243
167	4.7991
168	3.2749
169	2.9714