Compound Id	Training set
9	0.7802
10	1.0973
20	0.07
21	0.6181
26	0.1422
66	0.3605
154	-0.6232
185	0.9474
190	1.1306
191	1.1397
194	1.1488
196	1.3174
197	1.3174
198	1.3083
201	1.4993
202	1.4902
204	1.6677
212	1.6768
279	-0.1986
286	-0.2986
290	-0.1115
300	0.4981
314	2.2876
319	-0.5433
332	-0.7955
333	-0.6107
339	-0.7938
342	-0.6095
362	-0.5211
386	2.2895
387	0.1535
388	0.3338
390	-0.1946
391	-0.1504
392	0.3323
393	2.1711
394	1.4149
395	-1.2643
397	1.3535
398	-1.1557
401	-1.123
409	-0.6564
410	0.7704
417	2.1038
418	-1.2612
422	-1.2522
424	-2.1438
428	-0.5419
430	-0.277
433	0.0962
435	0.2578
436	-0.3385
437	-0.2911
438	0.7608
440	-0.2239
441	-0.6824
446	0.0493
447	-0.1961
455	-1.3015
456	0.6081
457	-0.4436
459	0.1812
461	1.1541
464	-0.0484
468	-0.8206
469	-0.6683
475	0.3293
480	0.6081
481	-0.4407
495	-0.2141
496	0.1833
497	0.8899
498	-0.1024
499	-0.2363
502	0.2953
513	-1.0537
514	-0.7654
518	-0.3695
524	-0.5579
529	0.6264
533	1.3485
536	-0.5368
537	0.2562
539	0.8859
540	-0.5021
541	-0.2871
542	0.0181
543	-0.9615
544	-0.5692
545	0.1917
552	0.1291
553	-0.1886
554	-0.7397
555	0.25
559	0.154
560	0.1162
561	0.1461
562	0.3339
565	-0.3248
566	2.2102
567	1.4149
568	-0.5179
569	-0.2719
570	0.1518
573	0.1871
575	0.598
577	0.3165
583	1.4104
588	1.1681
594	0.4548
595	-0.9894
596	1.6283
597	-0.4219
599	2.7513
604	1.9267
616	1.2219
618	1.242
619	2.1491
621	1.1578
623	1.4231
625	0.963
631	0.2499
640	-1.5056
646	-0.4392
647	1.3535
648	2.0964
651	-0.6802
653	-1.07
656	2.2215
659	-0.8012
660	-0.3377
663	0.3128
669	1.2974
673	-0.4114
676	0.8999
677	-0.1053
680	-0.3987
683	0.1865
686	0.571
699	0.5017
700	-0.8004
701	-0.1454
702	-0.5018
703	-0.0615
706	-1.2284
710	0.0757
715	-1.2178
717	-0.563
721	1.0056
736	-0.8
739	-0.8076
741	-0.8
751	0.9492
753	0.4938
754	-0.0694
761	-0.2573
767	0.0258
769	-0.0027
792	0.6365
799	0.0277
802	-1.2659
804	1.4149
805	1.4149
814	0.126
821	-0.1474
822	-1.1307
831	-0.5018
851	0.1284
865	0.3478
871	0.5095
878	-1.194
881	0.3629
883	1.3733
902	1.0134
905	0.089
925	0.2534
931	-0.9238
932	1.7771
937	3.0325
946	0.2531
960	-0.877
976	1.694
1003	-0.4208
1010	0.2165
1016	1.431
1027	-0.5289
1028	-0.6166
1036	-0.0024
1043	1.9017
1049	2.2983
1057	1.6921
1059	2.0992
1060	2.1063
1061	2.3123
1070	0.6691
1075	2.4953
1111	-0.4481
1112	-0.4197
1113	-0.4494
1114	1.6777
1115	1.7649
1116	1.7639
1117	0.6047
1118	0.6032
1119	0.5449
1120	0.1839
1121	2.0945
1122	-1.0134
1123	1.5495
1124	0.2123
1125	-1.4054
1126	-0.1401
1127	0.3014
1128	-0.7612
1129	-1.3973
1130	0.0928
1131	0.6333
1132	0.8591
1133	-0.4845
1134	0.0325
1135	-0.9853
1136	0.4001
1137	1.2804
1138	1.0554
1139	1.3255
1140	1.1651
1141	1.397
1142	-1.5215
1143	-0.1804
1144	-1.2462
1145	-1.2859
1146	0.06
1147	-0.6024
1148	0.2932
1149	-0.2044
1150	-0.8111
1151	-0.5418
1152	-0.611
1153	0.7187
1154	0.3112
1155	1.095
1156	-1.0619
1157	-0.5916
1158	-1.1955
1159	-0.7578
1160	-0.7583
1161	-0.1483
1162	-1.7796
1163	-0.2878
1164	-0.9876
1165	-0.5479
1166	-1.657
1167	0.0827
1168	0.4946
1169	-0.027
1170	-0.7206
1171	-0.6736
1172	0.6218
1173	-0.1647
1174	-0.5238
1175	0.6319
1176	0.278
1177	0.67
1178	-0.4231
1179	0.1025
1180	0.3735
1181	-0.3633
1182	-0.2022
1183	1.0814
1184	-0.3493
1185	0.3473
1186	0.4818
1187	0.2081
1188	0.5017
1189	-0.9978
1190	-0.2152
1191	2.2345
1192	0.1963
1193	-0.4416
1194	0.4804
1195	-0.6079
1196	-0.641
1197	0.1735
1198	0.6021
1199	0.0771
1200	-0.7575
1201	-0.9822
1202	-0.0779
1203	0.4234
1204	-0.4137
1205	0.5147
1206	0.0303
1207	0.3408
1208	-0.6179
1209	0.0141
1210	0.7748
1211	0.1524
1212	-0.823
1213	1.2095
1214	-0.1763
1215	0.0424
1216	0.3249
1217	0.3383
1218	-0.3968
1219	-1.2188
1220	-0.603
1221	0.3353
1222	0.3277
1223	0.4229
1224	0.853
1225	0.7264
1226	0.9595
1227	0.3019
1228	0.3133
1229	1.299
1230	0.7424
1231	-0.7498
1232	0.3511
1233	0.4304
1234	0.4304
1235	0.2448
1236	-0.9421
1237	0.343
1238	2.1805
1239	2.09
1240	-0.0217
1241	-0.0975
1242	-0.5307
1243	1.935
1244	0.314
1245	-0.9713
1246	-1.1947
1247	-1.31
1248	0.7861
1249	-0.5522
1250	-0.2871
1251	0.0659
1252	-0.3649
1253	-0.5521
1254	0.359
1255	-0.4878
1256	0.0699
1257	-0.8008
1258	-0.8046
1259	0.4866
1260	0.7525
1261	0.8693
1262	1.053
1263	0.1303
1264	0.1264
1265	0.7478
1266	0.1284
1267	-0.3688
1268	0.1016
1269	-0.268
1270	0.3268
1271	-3.0E-4
1272	0.4659
1273	0.3534
1274	0.3169
1275	1.0642
1276	1.1735
1277	0.346
1278	-0.8899
1279	0.4848
1280	0.0388
1281	0.8207
1282	2.1689
1283	0.0144
1284	0.2382
1285	1.254
1286	-0.8942
1287	1.5441
1288	-1.1736
1289	0.33
1290	0.6394
1291	0.6841
1292	0.8682
1293	0.8917
1294	0.891
1295	0.1584
1296	1.2611
1297	0.4384
1298	-0.9901
1299	0.3293
1300	0.9585
1301	0.2489
1302	0.8716
1303	-0.034
1304	1.1562
1305	-0.7488
1306	-0.5775
1307	0.2101
1308	0.7274
1309	-0.2035
1310	0.2546
1311	-0.8222
1312	-0.4782
1313	0.399
1314	-0.6389
1315	-0.9799
1316	-0.3727
1317	0.2463
1318	0.1335
1319	0.1627
1320	2.0073
1321	2.0073
1322	0.06
1323	0.6855
1324	-1.1851
1325	0.9624
1326	0.4313
1327	-0.5575
1328	-0.6491
1329	-0.061
1330	-0.3114
1331	0.248
1332	0.9601
1333	0.9352
1334	-0.0792
1335	0.6188
1336	0.6247
1337	0.1439
1338	1.0621
1339	0.0849
1340	-1.1047
1341	1.5881
1342	1.0833
1343	2.1711
1344	2.1711
1345	-0.4703
1346	1.318
1347	0.8544
1348	-0.9532
1349	-0.288
1350	2.1711
1351	0.7512
1352	0.8807
1353	0.7376
1354	1.0787
1355	1.0477
1356	0.937
1357	0.4846
1358	0.6216
1359	1.1793
1360	0.6019
1361	2.1711
1362	0.302
1363	0.611
1364	0.4783
1365	0.146
1366	0.6145
1367	0.9791
1368	-0.5315
1369	-0.0079
1370	-0.1689
1371	-0.0628
1372	-0.0809
1373	0.6305
1374	-0.4818
1375	1.0798
1376	1.6861
1377	0.6412
1378	0.5431
1379	1.4885
1380	1.6952
1381	0.4231
1382	0.2861
1383	-0.4118
1384	0.7358
1385	0.4844
1386	0.6135
1387	0.2932
1388	0.6591
1389	0.9584
1390	0.418
1391	0.2834
1392	0.6059
1393	1.974
1394	0.4609
1395	0.9387
1396	-0.6358
1397	0.614
1398	0.8568
1399	0.63
1400	0.1248
1401	1.5134
1402	-0.2706
1403	1.5308
1404	0.3383
1405	1.0803
1406	2.0212
1407	0.436
1408	1.242
1409	0.1469
1410	0.4572
1411	2.1022
1412	2.1857
1413	1.9029
1414	1.9049
1415	2.1063
1416	0.6319
1417	1.8976
1418	1.2595
1419	-0.0522
1420	1.4774
1421	1.4785
1422	2.2983
1423	2.2963
1424	2.678
1425	1.0037
1426	1.1337
1427	-0.1033
1428	1.9028
1429	2.1003
1430	2.1032
1431	2.3091
1432	2.2983
1433	2.3123
1434	2.4862
1435	1.7061
1436	1.7061
1437	1.7075
1438	1.9157
1439	0.7517
1440	1.9823
1441	2.4913
1442	2.6791
1443	2.8607
1444	1.8034
1445	0.7551
1446	0.4175
1447	1.9017
1448	1.9017
1449	1.9137
1450	2.0992
1451	0.5834
1452	0.3223
1453	0.633
1454	2.2971
1455	1.9112
1456	2.4882
1457	2.4893
1458	2.4926
1459	2.4912
1460	2.3003
1461	2.4882
1462	2.6749
1463	2.869
1464	2.692
1465	2.8657
1466	2.3123
1467	0.7337
1468	0.4716
1469	0.8339
1470	0.842
1471	0.0461
1472	1.1142
1473	1.0902
1474	1.2661
1475	2.1063
1476	1.9823
1477	1.3454
1478	1.2869
1479	1.4968
1480	1.8972
1481	-0.6181
1482	1.7191
1483	2.1032
1484	2.4874
1485	0.1044
1486	1.2606
1487	1.5391
1488	0.5625
1489	0.7389
1490	1.2646
1491	-0.0833
1492	0.4731
1493	1.4081
1494	1.9017
1495	2.1063
1496	2.2963
1497	0.3292
1498	0.0588
1499	0.154
1500	-0.9114
1501	-0.5291
1502	0.1075
1503	1.9097
1504	1.8997
1505	1.9029
1506	1.9025
1507	1.9025
1508	-0.1504
1509	1.9057
1510	1.9011
1511	2.1003
1512	2.099
1513	2.2981
1514	2.2984
1515	2.682
1516	0.5742
1517	1.242
1518	2.0814
1519	-0.2019
1520	0.2438
1521	0.0466
1522	1.7108
1523	1.8941
1524	1.8941
1525	0.3355
1526	0.473
1527	0.4899
1528	0.128
1529	-0.4596
1530	1.4993
1531	0.9227
1532	-0.4805
1533	-0.1016
1534	-0.241
1535	-0.4233
1536	-0.325
1537	-0.193
1538	0.7483
1539	0.7361
1540	0.7498
1541	0.6053
1542	1.0564
1543	0.7127
1544	0.1865
1545	0.314
1546	0.4376